# GIMP colorrc
# 
# This file holds a list of recently used colors.

(color-history
    (color-rgba 0.268571 0.268571 0.268571 1.000000)
    (color-rgba 0.000000 0.000000 0.000000 1.000000)
    (color-rgba 1.000000 1.000000 1.000000 1.000000)
    (color-rgba 0.154286 0.154286 0.154286 1.000000)
    (color-rgba 0.057143 0.057143 0.057143 1.000000)
    (color-rgba 0.131429 0.131429 0.131429 1.000000)
    (color-rgba 0.645714 0.645714 0.645714 1.000000)
    (color-rgba 0.931429 0.931429 0.931429 1.000000)
    (color-rgba 0.776471 0.480140 0.240554 1.000000)
    (color-rgba 0.070588 0.067266 0.067266 1.000000)
    (color-rgba 1.000000 0.818270 0.603922 1.000000)
    (color-rgba 1.000000 0.000000 0.000000 1.000000)
    (color-rgba 0.976471 0.690084 0.352295 1.000000)
    (color-rgba 0.162224 0.101199 0.131904 1.000000)
    (color-rgba 0.051599 0.021192 0.101961 1.000000)
    (color-rgba 0.482143 0.482143 0.482143 1.000000)
    (color-rgba 0.271602 0.177104 0.147492 1.000000)
    (color-rgba 0.258929 0.176652 0.170540 1.000000)
    (color-rgba 0.348214 0.267390 0.200543 1.000000)
    (color-rgba 0.278431 0.176471 0.133333 1.000000)
    (color-rgba 0.279058 0.178612 0.136400 1.000000)
    (color-rgba 0.158541 0.111467 0.093324 1.000000)
    (color-rgba 0.232041 0.149390 0.116507 1.000000)
    (color-rgba 0.142466 0.096808 0.093470 1.000000)
    (color-rgba 0.117996 0.082627 0.079778 1.000000)
    (color-rgba 0.082714 0.073622 0.069986 1.000000)
    (color-rgba 0.090196 0.065909 0.063636 1.000000)
    (color-rgba 0.120000 0.079091 0.076364 1.000000)
    (color-rgba 0.160000 0.105455 0.101818 1.000000)
    (color-rgba 0.152941 0.113725 0.109804 1.000000)
    (color-rgba 0.074511 0.069217 0.068667 1.000000)
    (color-rgba 0.179179 0.141172 0.123180 1.000000)
    (color-rgba 0.116071 0.086310 0.083333 1.000000)
    (color-rgba 0.180392 0.142441 0.123799 1.000000)
    (color-rgba 0.101961 0.079028 0.075971 1.000000)
    (color-rgba 0.125490 0.090388 0.062007 1.000000)
    (color-rgba 0.066667 0.049030 0.034771 1.000000)
    (color-rgba 0.160784 0.117901 0.083230 1.000000)
    (color-rgba 0.196078 0.121989 0.096117 1.000000)
    (color-rgba 0.203922 0.162037 0.136747 1.000000)
    (color-rgba 0.203922 0.166778 0.136747 1.000000)
    (color-rgba 0.196078 0.130809 0.110727 1.000000)
    (color-rgba 0.196429 0.114486 0.110584 1.000000)
    (color-rgba 0.153642 0.114486 0.110584 1.000000)
    (color-rgba 0.500000 0.500000 0.500000 1.000000)
    (color-rgba 0.070588 0.066667 0.066667 1.000000)
    (color-rgba 0.186842 0.250000 0.350000 1.000000)
    (color-rgba 0.154812 0.207143 0.290000 1.000000)
    (color-rgba 0.062745 0.062337 0.062007 1.000000)
    (color-rgba 0.690196 0.843137 0.898039 1.000000)
    (color-rgba 0.453487 0.658023 0.801126 1.000000)
    (color-rgba 0.900577 0.924459 0.941176 1.000000)
    (color-rgba 0.788651 0.857610 0.905882 1.000000)
    (color-rgba 0.408997 0.622851 0.772549 1.000000)
    (color-rgba 0.547744 0.732536 0.861742 1.000000)
    (color-rgba 0.443332 0.219760 0.086347 1.000000)
    (color-rgba 0.596078 0.772549 0.874510 1.000000)
    (color-rgba 0.278773 0.176560 0.133236 1.000000)
    (color-rgba 0.674308 0.399886 0.172529 1.000000)
    (color-rgba 0.050963 0.145098 0.043814 1.000000)
    (color-rgba 0.672653 0.398950 0.172362 1.000000)
    (color-rgba 0.279568 0.176526 0.132408 1.000000)
    (color-rgba 0.674510 0.400000 0.172549 1.000000)
    (color-rgba 0.047131 0.035379 0.000101 1.000000)
    (color-rgba 0.280270 0.176952 0.132808 1.000000)
    (color-rgba 0.573114 0.741710 0.837930 1.000000)
    (color-rgba 0.047059 0.035294 0.000000 1.000000)
    (color-rgba 0.195633 0.129678 0.034423 1.000000)
    (color-rgba 0.127330 0.088623 0.041734 1.000000)
    (color-rgba 0.137255 0.109804 0.050980 1.000000)
    (color-rgba 0.203922 0.137255 0.035294 1.000000)
    (color-rgba 0.109804 0.051222 0.025406 1.000000)
    (color-rgba 0.356863 0.227451 0.180392 1.000000)
    (color-rgba 0.548097 0.733184 0.862745 1.000000)
    (color-rgba 0.383899 0.524858 0.623529 1.000000)
    (color-rgba 0.835286 0.567200 0.350449 1.000000)
    (color-rgba 0.117647 0.112572 0.116751 1.000000)
    (color-rgba 0.266667 0.243137 0.262745 1.000000)
    (color-rgba 0.815686 0.493777 0.233510 1.000000)
    (color-rgba 0.521569 0.400000 0.360784 1.000000)
    (color-rgba 0.329412 0.237192 0.138224 1.000000)
    (color-rgba 0.623529 0.392157 0.200000 1.000000)
    (color-rgba 0.443137 0.219608 0.086275 1.000000)
    (color-rgba 0.470588 0.305280 0.171626 1.000000)
    (color-rgba 0.086275 0.077816 0.077816 1.000000)
    (color-rgba 0.077872 0.105882 0.066851 1.000000)
    (color-rgba 0.266667 0.227451 0.247059 1.000000)
    (color-rgba 0.078431 0.078431 0.086275 1.000000)
    (color-rgba 0.082375 0.180401 0.243137 1.000000)
    (color-rgba 0.184314 0.372549 0.427451 1.000000)
    (color-rgba 0.587743 0.722105 0.760784 1.000000)
    (color-rgba 0.411719 0.682758 0.760784 1.000000)
    (color-rgba 0.384314 0.168627 0.062745 1.000000)
    (color-rgba 0.086275 0.086275 0.086275 1.000000)
    (color-rgba 0.321569 0.580392 0.886275 1.000000)
    (color-rgba 0.200000 0.200000 0.200000 1.000000)
    (color-rgba 0.000000 0.047059 1.000000 0.500000))

# end of colorrc
