# GIMP devicerc

(GimpDeviceInfo "Core Pointer"
    (icon-name "gimp-cursor")
    (tool "gimp-paintbrush-tool")
    (paint-info "gimp-paintbrush")
    (foreground (color-rgb 0.776471 0.480140 0.240554))
    (background (color-rgb 0.078431 0.078431 0.086275))
    (brush "Acrylic 3")
    (dynamics "Oil Brush")
    (pattern "Clipboard")
    (gradient "FG to BG (RGB)")
    (mode screen)
    (axes 2 x y)
    (keys 0)
    (pressure-curve
        (curve-type smooth)
        (n-points 17)
        (points 34 0.000000 0.000000 -1.000000 -1.000000 -1.000000 -1.000000 -1.000000 -1.000000 -1.000000 -1.000000 -1.000000 -1.000000 -1.000000 -1.000000 -1.000000 -1.000000 -1.000000 -1.000000 -1.000000 -1.000000 -1.000000 -1.000000 -1.000000 -1.000000 -1.000000 -1.000000 -1.000000 -1.000000 -1.000000 -1.000000 -1.000000 -1.000000 1.000000 1.000000)
        (n-samples 256)
        (samples 256 0.000000 0.003922 0.007843 0.011765 0.015686 0.019608 0.023529 0.027451 0.031373 0.035294 0.039216 0.043137 0.047059 0.050980 0.054902 0.058824 0.062745 0.066667 0.070588 0.074510 0.078431 0.082353 0.086275 0.090196 0.094118 0.098039 0.101961 0.105882 0.109804 0.113725 0.117647 0.121569 0.125490 0.129412 0.133333 0.137255 0.141176 0.145098 0.149020 0.152941 0.156863 0.160784 0.164706 0.168627 0.172549 0.176471 0.180392 0.184314 0.188235 0.192157 0.196078 0.200000 0.203922 0.207843 0.211765 0.215686 0.219608 0.223529 0.227451 0.231373 0.235294 0.239216 0.243137 0.247059 0.250980 0.254902 0.258824 0.262745 0.266667 0.270588 0.274510 0.278431 0.282353 0.286275 0.290196 0.294118 0.298039 0.301961 0.305882 0.309804 0.313725 0.317647 0.321569 0.325490 0.329412 0.333333 0.337255 0.341176 0.345098 0.349020 0.352941 0.356863 0.360784 0.364706 0.368627 0.372549 0.376471 0.380392 0.384314 0.388235 0.392157 0.396078 0.400000 0.403922 0.407843 0.411765 0.415686 0.419608 0.423529 0.427451 0.431373 0.435294 0.439216 0.443137 0.447059 0.450980 0.454902 0.458824 0.462745 0.466667 0.470588 0.474510 0.478431 0.482353 0.486275 0.490196 0.494118 0.498039 0.501961 0.505882 0.509804 0.513725 0.517647 0.521569 0.525490 0.529412 0.533333 0.537255 0.541176 0.545098 0.549020 0.552941 0.556863 0.560784 0.564706 0.568627 0.572549 0.576471 0.580392 0.584314 0.588235 0.592157 0.596078 0.600000 0.603922 0.607843 0.611765 0.615686 0.619608 0.623529 0.627451 0.631373 0.635294 0.639216 0.643137 0.647059 0.650980 0.654902 0.658824 0.662745 0.666667 0.670588 0.674510 0.678431 0.682353 0.686275 0.690196 0.694118 0.698039 0.701961 0.705882 0.709804 0.713725 0.717647 0.721569 0.725490 0.729412 0.733333 0.737255 0.741176 0.745098 0.749020 0.752941 0.756863 0.760784 0.764706 0.768627 0.772549 0.776471 0.780392 0.784314 0.788235 0.792157 0.796078 0.800000 0.803922 0.807843 0.811765 0.815686 0.819608 0.823529 0.827451 0.831373 0.835294 0.839216 0.843137 0.847059 0.850980 0.854902 0.858824 0.862745 0.866667 0.870588 0.874510 0.878431 0.882353 0.886275 0.890196 0.894118 0.898039 0.901961 0.905882 0.909804 0.913725 0.917647 0.921569 0.925490 0.929412 0.933333 0.937255 0.941176 0.945098 0.949020 0.952941 0.956863 0.960784 0.964706 0.968627 0.972549 0.976471 0.980392 0.984314 0.988235 0.992157 0.996078 1.000000)))
(GimpDeviceInfo "ETPS/2 Elantech Touchpad"
    (icon-name "gimp-cursor")
    (tool "gimp-paintbrush-tool")
    (paint-info "gimp-paintbrush")
    (foreground (color-rgb 0.803922 0.803922 0.803922))
    (background (color-rgb 0.029281 0.031373 0.029281))
    (brush "2. Hardness 100")
    (dynamics "No Dynamics")
    (pattern "Clipboard")
    (gradient "FG to BG (RGB)")
    (axes 4 x y pressure xtilt)
    (keys 0)
    (pressure-curve
        (curve-type smooth)
        (n-points 17)
        (points 34 0.000000 0.000000 -1.000000 -1.000000 -1.000000 -1.000000 -1.000000 -1.000000 -1.000000 -1.000000 -1.000000 -1.000000 -1.000000 -1.000000 -1.000000 -1.000000 -1.000000 -1.000000 -1.000000 -1.000000 -1.000000 -1.000000 -1.000000 -1.000000 -1.000000 -1.000000 -1.000000 -1.000000 -1.000000 -1.000000 -1.000000 -1.000000 1.000000 1.000000)
        (n-samples 256)
        (samples 256 0.000000 0.003922 0.007843 0.011765 0.015686 0.019608 0.023529 0.027451 0.031373 0.035294 0.039216 0.043137 0.047059 0.050980 0.054902 0.058824 0.062745 0.066667 0.070588 0.074510 0.078431 0.082353 0.086275 0.090196 0.094118 0.098039 0.101961 0.105882 0.109804 0.113725 0.117647 0.121569 0.125490 0.129412 0.133333 0.137255 0.141176 0.145098 0.149020 0.152941 0.156863 0.160784 0.164706 0.168627 0.172549 0.176471 0.180392 0.184314 0.188235 0.192157 0.196078 0.200000 0.203922 0.207843 0.211765 0.215686 0.219608 0.223529 0.227451 0.231373 0.235294 0.239216 0.243137 0.247059 0.250980 0.254902 0.258824 0.262745 0.266667 0.270588 0.274510 0.278431 0.282353 0.286275 0.290196 0.294118 0.298039 0.301961 0.305882 0.309804 0.313725 0.317647 0.321569 0.325490 0.329412 0.333333 0.337255 0.341176 0.345098 0.349020 0.352941 0.356863 0.360784 0.364706 0.368627 0.372549 0.376471 0.380392 0.384314 0.388235 0.392157 0.396078 0.400000 0.403922 0.407843 0.411765 0.415686 0.419608 0.423529 0.427451 0.431373 0.435294 0.439216 0.443137 0.447059 0.450980 0.454902 0.458824 0.462745 0.466667 0.470588 0.474510 0.478431 0.482353 0.486275 0.490196 0.494118 0.498039 0.501961 0.505882 0.509804 0.513725 0.517647 0.521569 0.525490 0.529412 0.533333 0.537255 0.541176 0.545098 0.549020 0.552941 0.556863 0.560784 0.564706 0.568627 0.572549 0.576471 0.580392 0.584314 0.588235 0.592157 0.596078 0.600000 0.603922 0.607843 0.611765 0.615686 0.619608 0.623529 0.627451 0.631373 0.635294 0.639216 0.643137 0.647059 0.650980 0.654902 0.658824 0.662745 0.666667 0.670588 0.674510 0.678431 0.682353 0.686275 0.690196 0.694118 0.698039 0.701961 0.705882 0.709804 0.713725 0.717647 0.721569 0.725490 0.729412 0.733333 0.737255 0.741176 0.745098 0.749020 0.752941 0.756863 0.760784 0.764706 0.768627 0.772549 0.776471 0.780392 0.784314 0.788235 0.792157 0.796078 0.800000 0.803922 0.807843 0.811765 0.815686 0.819608 0.823529 0.827451 0.831373 0.835294 0.839216 0.843137 0.847059 0.850980 0.854902 0.858824 0.862745 0.866667 0.870588 0.874510 0.878431 0.882353 0.886275 0.890196 0.894118 0.898039 0.901961 0.905882 0.909804 0.913725 0.917647 0.921569 0.925490 0.929412 0.933333 0.937255 0.941176 0.945098 0.949020 0.952941 0.956863 0.960784 0.964706 0.968627 0.972549 0.976471 0.980392 0.984314 0.988235 0.992157 0.996078 1.000000)))
(GimpDeviceInfo "HUION PenTablet Consumer Control"
    (icon-name "gimp-tool-paintbrush")
    (tool "gimp-paintbrush-tool")
    (paint-info "gimp-paintbrush")
    (foreground (color-rgb 0.776471 0.480140 0.240554))
    (background (color-rgb 0.078431 0.078431 0.086275))
    (brush "Acrylic 3")
    (dynamics "Airbrush")
    (pattern "Clipboard")
    (gradient "FG to BG (RGB)")
    (mode screen)
    (axes 3 x y pressure)
    (keys 248 "" "" "" "" "" "" "" "" "" "" "" "" "" "" "" "" "" "" "" "" "" "" "" "" "" "" "" "" "" "" "" "" "" "" "" "" "" "" "" "" "" "" "" "" "" "" "" "" "" "" "" "" "" "" "" "" "" "" "" "" "" "" "" "" "" "" "" "" "" "" "" "" "" "" "" "" "" "" "" "" "" "" "" "" "" "" "" "" "" "" "" "" "" "" "" "" "" "" "" "" "" "" "" "" "" "" "" "" "" "" "" "" "" "" "" "" "" "" "" "" "" "" "" "" "" "" "" "" "" "" "" "" "" "" "" "" "" "" "" "" "" "" "" "" "" "" "" "" "" "" "" "" "" "" "" "" "" "" "" "" "" "" "" "" "" "" "" "" "" "" "" "" "" "" "" "" "" "" "" "" "" "" "" "" "" "" "" "" "" "" "" "" "" "" "" "" "" "" "" "" "" "" "" "" "" "" "" "" "" "" "" "" "" "" "" "" "" "" "" "" "" "" "" "" "" "" "" "" "" "" "" "" "" "" "" "" "" "" "" "" "" "" "" "" "" "" "" "")
    (pressure-curve
        (curve-type smooth)
        (n-points 17)
        (points 34 0.000000 0.000000 -1.000000 -1.000000 -1.000000 -1.000000 -1.000000 -1.000000 -1.000000 -1.000000 -1.000000 -1.000000 -1.000000 -1.000000 -1.000000 -1.000000 -1.000000 -1.000000 -1.000000 -1.000000 -1.000000 -1.000000 -1.000000 -1.000000 -1.000000 -1.000000 -1.000000 -1.000000 -1.000000 -1.000000 -1.000000 -1.000000 1.000000 1.000000)
        (n-samples 256)
        (samples 256 0.000000 0.003922 0.007843 0.011765 0.015686 0.019608 0.023529 0.027451 0.031373 0.035294 0.039216 0.043137 0.047059 0.050980 0.054902 0.058824 0.062745 0.066667 0.070588 0.074510 0.078431 0.082353 0.086275 0.090196 0.094118 0.098039 0.101961 0.105882 0.109804 0.113725 0.117647 0.121569 0.125490 0.129412 0.133333 0.137255 0.141176 0.145098 0.149020 0.152941 0.156863 0.160784 0.164706 0.168627 0.172549 0.176471 0.180392 0.184314 0.188235 0.192157 0.196078 0.200000 0.203922 0.207843 0.211765 0.215686 0.219608 0.223529 0.227451 0.231373 0.235294 0.239216 0.243137 0.247059 0.250980 0.254902 0.258824 0.262745 0.266667 0.270588 0.274510 0.278431 0.282353 0.286275 0.290196 0.294118 0.298039 0.301961 0.305882 0.309804 0.313725 0.317647 0.321569 0.325490 0.329412 0.333333 0.337255 0.341176 0.345098 0.349020 0.352941 0.356863 0.360784 0.364706 0.368627 0.372549 0.376471 0.380392 0.384314 0.388235 0.392157 0.396078 0.400000 0.403922 0.407843 0.411765 0.415686 0.419608 0.423529 0.427451 0.431373 0.435294 0.439216 0.443137 0.447059 0.450980 0.454902 0.458824 0.462745 0.466667 0.470588 0.474510 0.478431 0.482353 0.486275 0.490196 0.494118 0.498039 0.501961 0.505882 0.509804 0.513725 0.517647 0.521569 0.525490 0.529412 0.533333 0.537255 0.541176 0.545098 0.549020 0.552941 0.556863 0.560784 0.564706 0.568627 0.572549 0.576471 0.580392 0.584314 0.588235 0.592157 0.596078 0.600000 0.603922 0.607843 0.611765 0.615686 0.619608 0.623529 0.627451 0.631373 0.635294 0.639216 0.643137 0.647059 0.650980 0.654902 0.658824 0.662745 0.666667 0.670588 0.674510 0.678431 0.682353 0.686275 0.690196 0.694118 0.698039 0.701961 0.705882 0.709804 0.713725 0.717647 0.721569 0.725490 0.729412 0.733333 0.737255 0.741176 0.745098 0.749020 0.752941 0.756863 0.760784 0.764706 0.768627 0.772549 0.776471 0.780392 0.784314 0.788235 0.792157 0.796078 0.800000 0.803922 0.807843 0.811765 0.815686 0.819608 0.823529 0.827451 0.831373 0.835294 0.839216 0.843137 0.847059 0.850980 0.854902 0.858824 0.862745 0.866667 0.870588 0.874510 0.878431 0.882353 0.886275 0.890196 0.894118 0.898039 0.901961 0.905882 0.909804 0.913725 0.917647 0.921569 0.925490 0.929412 0.933333 0.937255 0.941176 0.945098 0.949020 0.952941 0.956863 0.960784 0.964706 0.968627 0.972549 0.976471 0.980392 0.984314 0.988235 0.992157 0.996078 1.000000)))
(GimpDeviceInfo "HUION PenTablet Mouse"
    (icon-name "gimp-tool-paintbrush")
    (tool "gimp-paintbrush-tool")
    (paint-info "gimp-paintbrush")
    (foreground (color-rgb 0.776471 0.480140 0.240554))
    (background (color-rgb 0.078431 0.078431 0.086275))
    (brush "Acrylic 3")
    (dynamics "Airbrush")
    (pattern "Clipboard")
    (gradient "FG to BG (RGB)")
    (mode screen)
    (axes 4 x y pressure xtilt)
    (keys 0)
    (pressure-curve
        (curve-type smooth)
        (n-points 17)
        (points 34 0.000000 0.000000 -1.000000 -1.000000 -1.000000 -1.000000 -1.000000 -1.000000 -1.000000 -1.000000 -1.000000 -1.000000 -1.000000 -1.000000 -1.000000 -1.000000 -1.000000 -1.000000 -1.000000 -1.000000 -1.000000 -1.000000 -1.000000 -1.000000 -1.000000 -1.000000 -1.000000 -1.000000 -1.000000 -1.000000 -1.000000 -1.000000 1.000000 1.000000)
        (n-samples 256)
        (samples 256 0.000000 0.003922 0.007843 0.011765 0.015686 0.019608 0.023529 0.027451 0.031373 0.035294 0.039216 0.043137 0.047059 0.050980 0.054902 0.058824 0.062745 0.066667 0.070588 0.074510 0.078431 0.082353 0.086275 0.090196 0.094118 0.098039 0.101961 0.105882 0.109804 0.113725 0.117647 0.121569 0.125490 0.129412 0.133333 0.137255 0.141176 0.145098 0.149020 0.152941 0.156863 0.160784 0.164706 0.168627 0.172549 0.176471 0.180392 0.184314 0.188235 0.192157 0.196078 0.200000 0.203922 0.207843 0.211765 0.215686 0.219608 0.223529 0.227451 0.231373 0.235294 0.239216 0.243137 0.247059 0.250980 0.254902 0.258824 0.262745 0.266667 0.270588 0.274510 0.278431 0.282353 0.286275 0.290196 0.294118 0.298039 0.301961 0.305882 0.309804 0.313725 0.317647 0.321569 0.325490 0.329412 0.333333 0.337255 0.341176 0.345098 0.349020 0.352941 0.356863 0.360784 0.364706 0.368627 0.372549 0.376471 0.380392 0.384314 0.388235 0.392157 0.396078 0.400000 0.403922 0.407843 0.411765 0.415686 0.419608 0.423529 0.427451 0.431373 0.435294 0.439216 0.443137 0.447059 0.450980 0.454902 0.458824 0.462745 0.466667 0.470588 0.474510 0.478431 0.482353 0.486275 0.490196 0.494118 0.498039 0.501961 0.505882 0.509804 0.513725 0.517647 0.521569 0.525490 0.529412 0.533333 0.537255 0.541176 0.545098 0.549020 0.552941 0.556863 0.560784 0.564706 0.568627 0.572549 0.576471 0.580392 0.584314 0.588235 0.592157 0.596078 0.600000 0.603922 0.607843 0.611765 0.615686 0.619608 0.623529 0.627451 0.631373 0.635294 0.639216 0.643137 0.647059 0.650980 0.654902 0.658824 0.662745 0.666667 0.670588 0.674510 0.678431 0.682353 0.686275 0.690196 0.694118 0.698039 0.701961 0.705882 0.709804 0.713725 0.717647 0.721569 0.725490 0.729412 0.733333 0.737255 0.741176 0.745098 0.749020 0.752941 0.756863 0.760784 0.764706 0.768627 0.772549 0.776471 0.780392 0.784314 0.788235 0.792157 0.796078 0.800000 0.803922 0.807843 0.811765 0.815686 0.819608 0.823529 0.827451 0.831373 0.835294 0.839216 0.843137 0.847059 0.850980 0.854902 0.858824 0.862745 0.866667 0.870588 0.874510 0.878431 0.882353 0.886275 0.890196 0.894118 0.898039 0.901961 0.905882 0.909804 0.913725 0.917647 0.921569 0.925490 0.929412 0.933333 0.937255 0.941176 0.945098 0.949020 0.952941 0.956863 0.960784 0.964706 0.968627 0.972549 0.976471 0.980392 0.984314 0.988235 0.992157 0.996078 1.000000)))
(GimpDeviceInfo "HUION PenTablet Pen"
    (icon-name "gimp-tool-paintbrush")
    (tool "gimp-paintbrush-tool")
    (paint-info "gimp-paintbrush")
    (foreground (color-rgb 0.070588 0.067266 0.067266))
    (background (color-rgb 0.078431 0.078431 0.086275))
    (brush "2. Hardness 100")
    (dynamics "Inking")
    (pattern "Clipboard")
    (gradient "FG to BG (RGB)")
    (mode screen)
    (axes 3 x y pressure)
    (keys 0)
    (pressure-curve
        (curve-type smooth)
        (n-points 17)
        (points 34 0.000000 0.000000 -1.000000 -1.000000 -1.000000 -1.000000 -1.000000 -1.000000 -1.000000 -1.000000 -1.000000 -1.000000 0.345890 0.289062 -1.000000 -1.000000 -1.000000 -1.000000 -1.000000 -1.000000 0.606164 0.699219 -1.000000 -1.000000 -1.000000 -1.000000 -1.000000 -1.000000 -1.000000 -1.000000 -1.000000 -1.000000 1.000000 1.000000)
        (n-samples 256)
        (samples 256 0.000000 0.002654 0.005309 0.007965 0.010622 0.013281 0.015942 0.018606 0.021274 0.023946 0.026621 0.029302 0.031988 0.034680 0.037378 0.040082 0.042794 0.045514 0.048241 0.050978 0.053723 0.056478 0.059244 0.062019 0.064806 0.067605 0.070415 0.073238 0.076074 0.078923 0.081786 0.084664 0.087557 0.090465 0.093388 0.096329 0.099286 0.102260 0.105252 0.108262 0.111291 0.114340 0.117408 0.120496 0.123605 0.126735 0.129886 0.133060 0.136256 0.139476 0.142719 0.145986 0.149277 0.152594 0.155936 0.159304 0.162698 0.166119 0.169568 0.173044 0.176549 0.180083 0.183646 0.187239 0.190862 0.194516 0.198201 0.201918 0.205667 0.209448 0.213263 0.217112 0.220994 0.224912 0.228864 0.232852 0.236876 0.240936 0.245034 0.249169 0.253342 0.257553 0.261803 0.266093 0.270422 0.274792 0.279203 0.283655 0.289062 0.293664 0.298418 0.303321 0.308366 0.313549 0.318866 0.324311 0.329879 0.335566 0.341367 0.347277 0.353291 0.359404 0.365612 0.371909 0.378290 0.384751 0.391287 0.397894 0.404565 0.411296 0.418083 0.424920 0.431803 0.438727 0.445687 0.452677 0.459694 0.466732 0.473787 0.480853 0.487926 0.495000 0.502072 0.509136 0.516187 0.523220 0.530231 0.537214 0.544165 0.551080 0.557952 0.564777 0.571550 0.578267 0.584923 0.591512 0.598030 0.604472 0.610833 0.617108 0.623293 0.629382 0.635370 0.641254 0.647027 0.652685 0.658224 0.663637 0.668921 0.674071 0.679081 0.683947 0.688664 0.693227 0.697631 0.699219 0.703462 0.707668 0.711837 0.715969 0.720065 0.724125 0.728149 0.732138 0.736092 0.740011 0.743897 0.747749 0.751567 0.755353 0.759106 0.762827 0.766516 0.770173 0.773800 0.777395 0.780961 0.784496 0.788002 0.791479 0.794927 0.798347 0.801738 0.805102 0.808438 0.811748 0.815031 0.818288 0.821519 0.824724 0.827905 0.831061 0.834192 0.837300 0.840384 0.843445 0.846484 0.849499 0.852493 0.855465 0.858416 0.861346 0.864256 0.867145 0.870015 0.872865 0.875696 0.878509 0.881303 0.884079 0.886838 0.889580 0.892305 0.895014 0.897707 0.900384 0.903046 0.905693 0.908325 0.910943 0.913548 0.916139 0.918718 0.921283 0.923837 0.926379 0.928909 0.931428 0.933936 0.936434 0.938922 0.941401 0.943870 0.946331 0.948783 0.951227 0.953663 0.956092 0.958514 0.960929 0.963338 0.965742 0.968139 0.970532 0.972920 0.975304 0.977684 0.980061 0.982434 0.984804 0.987172 0.989538 0.991903 0.994266 0.996628 1.000000)))
(GimpDeviceInfo "Logitech M325"
    (tool "gimp-blend-tool")
    (paint-info "gimp-paintbrush")
    (foreground (color-rgb 0.803922 0.803922 0.803922))
    (background (color-rgb 0.029281 0.031373 0.029281))
    (brush "Marker/Ink 1")
    (dynamics "No Dynamics")
    (pattern "Clipboard")
    (gradient "FG to BG (RGB)")
    (axes 4 x y pressure xtilt)
    (keys 0)
    (pressure-curve
        (curve-type smooth)
        (n-points 17)
        (points 34 0.000000 0.000000 -1.000000 -1.000000 -1.000000 -1.000000 -1.000000 -1.000000 -1.000000 -1.000000 -1.000000 -1.000000 -1.000000 -1.000000 -1.000000 -1.000000 -1.000000 -1.000000 -1.000000 -1.000000 -1.000000 -1.000000 -1.000000 -1.000000 -1.000000 -1.000000 -1.000000 -1.000000 -1.000000 -1.000000 -1.000000 -1.000000 1.000000 1.000000)
        (n-samples 256)
        (samples 256 0.000000 0.003922 0.007843 0.011765 0.015686 0.019608 0.023529 0.027451 0.031373 0.035294 0.039216 0.043137 0.047059 0.050980 0.054902 0.058824 0.062745 0.066667 0.070588 0.074510 0.078431 0.082353 0.086275 0.090196 0.094118 0.098039 0.101961 0.105882 0.109804 0.113725 0.117647 0.121569 0.125490 0.129412 0.133333 0.137255 0.141176 0.145098 0.149020 0.152941 0.156863 0.160784 0.164706 0.168627 0.172549 0.176471 0.180392 0.184314 0.188235 0.192157 0.196078 0.200000 0.203922 0.207843 0.211765 0.215686 0.219608 0.223529 0.227451 0.231373 0.235294 0.239216 0.243137 0.247059 0.250980 0.254902 0.258824 0.262745 0.266667 0.270588 0.274510 0.278431 0.282353 0.286275 0.290196 0.294118 0.298039 0.301961 0.305882 0.309804 0.313725 0.317647 0.321569 0.325490 0.329412 0.333333 0.337255 0.341176 0.345098 0.349020 0.352941 0.356863 0.360784 0.364706 0.368627 0.372549 0.376471 0.380392 0.384314 0.388235 0.392157 0.396078 0.400000 0.403922 0.407843 0.411765 0.415686 0.419608 0.423529 0.427451 0.431373 0.435294 0.439216 0.443137 0.447059 0.450980 0.454902 0.458824 0.462745 0.466667 0.470588 0.474510 0.478431 0.482353 0.486275 0.490196 0.494118 0.498039 0.501961 0.505882 0.509804 0.513725 0.517647 0.521569 0.525490 0.529412 0.533333 0.537255 0.541176 0.545098 0.549020 0.552941 0.556863 0.560784 0.564706 0.568627 0.572549 0.576471 0.580392 0.584314 0.588235 0.592157 0.596078 0.600000 0.603922 0.607843 0.611765 0.615686 0.619608 0.623529 0.627451 0.631373 0.635294 0.639216 0.643137 0.647059 0.650980 0.654902 0.658824 0.662745 0.666667 0.670588 0.674510 0.678431 0.682353 0.686275 0.690196 0.694118 0.698039 0.701961 0.705882 0.709804 0.713725 0.717647 0.721569 0.725490 0.729412 0.733333 0.737255 0.741176 0.745098 0.749020 0.752941 0.756863 0.760784 0.764706 0.768627 0.772549 0.776471 0.780392 0.784314 0.788235 0.792157 0.796078 0.800000 0.803922 0.807843 0.811765 0.815686 0.819608 0.823529 0.827451 0.831373 0.835294 0.839216 0.843137 0.847059 0.850980 0.854902 0.858824 0.862745 0.866667 0.870588 0.874510 0.878431 0.882353 0.886275 0.890196 0.894118 0.898039 0.901961 0.905882 0.909804 0.913725 0.917647 0.921569 0.925490 0.929412 0.933333 0.937255 0.941176 0.945098 0.949020 0.952941 0.956863 0.960784 0.964706 0.968627 0.972549 0.976471 0.980392 0.984314 0.988235 0.992157 0.996078 1.000000)))
(GimpDeviceInfo "Virtual core XTEST pointer"
    (icon-name "gimp-cursor")
    (tool "gimp-blend-tool")
    (paint-info "gimp-paintbrush")
    (foreground (color-rgb 0.803922 0.803922 0.803922))
    (background (color-rgb 0.029281 0.031373 0.029281))
    (brush "Marker/Ink 1")
    (dynamics "No Dynamics")
    (pattern "Clipboard")
    (gradient "FG to BG (RGB)")
    (axes 2 x y)
    (keys 0)
    (pressure-curve
        (curve-type smooth)
        (n-points 17)
        (points 34 0.000000 0.000000 -1.000000 -1.000000 -1.000000 -1.000000 -1.000000 -1.000000 -1.000000 -1.000000 -1.000000 -1.000000 -1.000000 -1.000000 -1.000000 -1.000000 -1.000000 -1.000000 -1.000000 -1.000000 -1.000000 -1.000000 -1.000000 -1.000000 -1.000000 -1.000000 -1.000000 -1.000000 -1.000000 -1.000000 -1.000000 -1.000000 1.000000 1.000000)
        (n-samples 256)
        (samples 256 0.000000 0.003922 0.007843 0.011765 0.015686 0.019608 0.023529 0.027451 0.031373 0.035294 0.039216 0.043137 0.047059 0.050980 0.054902 0.058824 0.062745 0.066667 0.070588 0.074510 0.078431 0.082353 0.086275 0.090196 0.094118 0.098039 0.101961 0.105882 0.109804 0.113725 0.117647 0.121569 0.125490 0.129412 0.133333 0.137255 0.141176 0.145098 0.149020 0.152941 0.156863 0.160784 0.164706 0.168627 0.172549 0.176471 0.180392 0.184314 0.188235 0.192157 0.196078 0.200000 0.203922 0.207843 0.211765 0.215686 0.219608 0.223529 0.227451 0.231373 0.235294 0.239216 0.243137 0.247059 0.250980 0.254902 0.258824 0.262745 0.266667 0.270588 0.274510 0.278431 0.282353 0.286275 0.290196 0.294118 0.298039 0.301961 0.305882 0.309804 0.313725 0.317647 0.321569 0.325490 0.329412 0.333333 0.337255 0.341176 0.345098 0.349020 0.352941 0.356863 0.360784 0.364706 0.368627 0.372549 0.376471 0.380392 0.384314 0.388235 0.392157 0.396078 0.400000 0.403922 0.407843 0.411765 0.415686 0.419608 0.423529 0.427451 0.431373 0.435294 0.439216 0.443137 0.447059 0.450980 0.454902 0.458824 0.462745 0.466667 0.470588 0.474510 0.478431 0.482353 0.486275 0.490196 0.494118 0.498039 0.501961 0.505882 0.509804 0.513725 0.517647 0.521569 0.525490 0.529412 0.533333 0.537255 0.541176 0.545098 0.549020 0.552941 0.556863 0.560784 0.564706 0.568627 0.572549 0.576471 0.580392 0.584314 0.588235 0.592157 0.596078 0.600000 0.603922 0.607843 0.611765 0.615686 0.619608 0.623529 0.627451 0.631373 0.635294 0.639216 0.643137 0.647059 0.650980 0.654902 0.658824 0.662745 0.666667 0.670588 0.674510 0.678431 0.682353 0.686275 0.690196 0.694118 0.698039 0.701961 0.705882 0.709804 0.713725 0.717647 0.721569 0.725490 0.729412 0.733333 0.737255 0.741176 0.745098 0.749020 0.752941 0.756863 0.760784 0.764706 0.768627 0.772549 0.776471 0.780392 0.784314 0.788235 0.792157 0.796078 0.800000 0.803922 0.807843 0.811765 0.815686 0.819608 0.823529 0.827451 0.831373 0.835294 0.839216 0.843137 0.847059 0.850980 0.854902 0.858824 0.862745 0.866667 0.870588 0.874510 0.878431 0.882353 0.886275 0.890196 0.894118 0.898039 0.901961 0.905882 0.909804 0.913725 0.917647 0.921569 0.925490 0.929412 0.933333 0.937255 0.941176 0.945098 0.949020 0.952941 0.956863 0.960784 0.964706 0.968627 0.972549 0.976471 0.980392 0.984314 0.988235 0.992157 0.996078 1.000000)))
(GimpDeviceInfo "HUION PenTablet"
    (icon-name "gimp-tool-paintbrush")
    (tool "gimp-paintbrush-tool")
    (paint-info "gimp-paintbrush")
    (foreground (color-rgb 0.803922 0.803922 0.803922))
    (background (color-rgb 0.029281 0.031373 0.029281))
    (brush "Acrylic 3")
    (dynamics "Pencil")
    (pattern "Clipboard")
    (gradient "FG to BG (RGB)")
    (mode screen)
    (axes 3 x y pressure)
    (keys 248 "" "" "" "" "" "" "" "" "" "" "" "" "" "" "" "" "" "" "" "" "" "" "" "" "" "" "" "" "" "" "" "" "" "" "" "" "" "" "" "" "" "" "" "" "" "" "" "" "" "" "" "" "" "" "" "" "" "" "" "" "" "" "" "" "" "" "" "" "" "" "" "" "" "" "" "" "" "" "" "" "" "" "" "" "" "" "" "" "" "" "" "" "" "" "" "" "" "" "" "" "" "" "" "" "" "" "" "" "" "" "" "" "" "" "" "" "" "" "" "" "" "" "" "" "" "" "" "" "" "" "" "" "" "" "" "" "" "" "" "" "" "" "" "" "" "" "" "" "" "" "" "" "" "" "" "" "" "" "" "" "" "" "" "" "" "" "" "" "" "" "" "" "" "" "" "" "" "" "" "" "" "" "" "" "" "" "" "" "" "" "" "" "" "" "" "" "" "" "" "" "" "" "" "" "" "" "" "" "" "" "" "" "" "" "" "" "" "" "" "" "" "" "" "" "" "" "" "" "" "" "" "" "" "" "" "" "" "" "" "" "" "" "" "" "" "" "" "")
    (pressure-curve
        (curve-type smooth)
        (n-points 17)
        (points 34 0.000000 0.000000 -1.000000 -1.000000 -1.000000 -1.000000 0.178322 0.312500 -1.000000 -1.000000 -1.000000 -1.000000 -1.000000 -1.000000 -1.000000 -1.000000 -1.000000 -1.000000 -1.000000 -1.000000 -1.000000 -1.000000 -1.000000 -1.000000 0.776224 0.738281 -1.000000 -1.000000 -1.000000 -1.000000 -1.000000 -1.000000 1.000000 1.000000)
        (n-samples 256)
        (samples 256 0.000000 0.008443 0.016881 0.025310 0.033726 0.042123 0.050497 0.058845 0.067160 0.075438 0.083676 0.091868 0.100010 0.108097 0.116125 0.124089 0.131985 0.139808 0.147553 0.155216 0.162793 0.170278 0.177668 0.184957 0.192142 0.199217 0.206178 0.213020 0.219739 0.226331 0.232791 0.239113 0.245295 0.251330 0.257215 0.262945 0.268516 0.273922 0.279160 0.284224 0.289111 0.293815 0.298332 0.302658 0.306787 0.312500 0.316214 0.319898 0.323552 0.327175 0.330770 0.334335 0.337871 0.341379 0.344858 0.348310 0.351735 0.355133 0.358504 0.361849 0.365168 0.368462 0.371730 0.374974 0.378193 0.381389 0.384561 0.387709 0.390835 0.393938 0.397019 0.400078 0.403115 0.406132 0.409128 0.412104 0.415059 0.417995 0.420912 0.423810 0.426690 0.429551 0.432395 0.435221 0.438030 0.440823 0.443599 0.446359 0.449104 0.451834 0.454549 0.457249 0.459936 0.462608 0.465268 0.467914 0.470548 0.473169 0.475779 0.478377 0.480964 0.483541 0.486107 0.488663 0.491209 0.493746 0.496274 0.498793 0.501305 0.503808 0.506304 0.508793 0.511276 0.513752 0.516222 0.518686 0.521145 0.523599 0.526049 0.528495 0.530937 0.533375 0.535811 0.538243 0.540674 0.543102 0.545529 0.547955 0.550380 0.552805 0.555229 0.557654 0.560079 0.562506 0.564934 0.567363 0.569795 0.572229 0.574666 0.577106 0.579550 0.581998 0.584450 0.586907 0.589369 0.591836 0.594310 0.596789 0.599275 0.601768 0.604268 0.606775 0.609291 0.611815 0.614348 0.616890 0.619441 0.622003 0.624574 0.627156 0.629749 0.632354 0.634970 0.637598 0.640238 0.642892 0.645558 0.648238 0.650932 0.653641 0.656363 0.659101 0.661854 0.664623 0.667409 0.670210 0.673029 0.675864 0.678717 0.681588 0.684478 0.687386 0.690313 0.693260 0.696226 0.699213 0.702220 0.705248 0.708297 0.711368 0.714461 0.717576 0.720714 0.723875 0.727060 0.730268 0.733501 0.736758 0.738281 0.741596 0.744979 0.748428 0.751942 0.755520 0.759160 0.762862 0.766624 0.770445 0.774324 0.778259 0.782250 0.786295 0.790393 0.794543 0.798743 0.802993 0.807291 0.811636 0.816026 0.820461 0.824940 0.829461 0.834023 0.838624 0.843264 0.847942 0.852655 0.857404 0.862186 0.867001 0.871847 0.876723 0.881629 0.886562 0.891521 0.896506 0.901515 0.906547 0.911601 0.916675 0.921768 0.926880 0.932008 0.937152 0.942311 0.947483 0.952667 0.957862 0.963067 0.968280 0.973501 0.978727 0.983959 0.989194 0.994432 1.000000)))
(GimpDeviceInfo "PS/2 Elantech Touchpad"
    (icon-name "gimp-cursor")
    (tool "gimp-blend-tool")
    (paint-info "gimp-paintbrush")
    (foreground (color-rgb 0.803922 0.803922 0.803922))
    (background (color-rgb 0.029281 0.031373 0.029281))
    (brush "Marker/Ink 1")
    (dynamics "No Dynamics")
    (pattern "Clipboard")
    (gradient "FG to BG (RGB)")
    (axes 2 x y)
    (keys 0)
    (pressure-curve
        (curve-type smooth)
        (n-points 17)
        (points 34 0.000000 0.000000 -1.000000 -1.000000 -1.000000 -1.000000 -1.000000 -1.000000 -1.000000 -1.000000 -1.000000 -1.000000 -1.000000 -1.000000 -1.000000 -1.000000 -1.000000 -1.000000 -1.000000 -1.000000 -1.000000 -1.000000 -1.000000 -1.000000 -1.000000 -1.000000 -1.000000 -1.000000 -1.000000 -1.000000 -1.000000 -1.000000 1.000000 1.000000)
        (n-samples 256)
        (samples 256 0.000000 0.003922 0.007843 0.011765 0.015686 0.019608 0.023529 0.027451 0.031373 0.035294 0.039216 0.043137 0.047059 0.050980 0.054902 0.058824 0.062745 0.066667 0.070588 0.074510 0.078431 0.082353 0.086275 0.090196 0.094118 0.098039 0.101961 0.105882 0.109804 0.113725 0.117647 0.121569 0.125490 0.129412 0.133333 0.137255 0.141176 0.145098 0.149020 0.152941 0.156863 0.160784 0.164706 0.168627 0.172549 0.176471 0.180392 0.184314 0.188235 0.192157 0.196078 0.200000 0.203922 0.207843 0.211765 0.215686 0.219608 0.223529 0.227451 0.231373 0.235294 0.239216 0.243137 0.247059 0.250980 0.254902 0.258824 0.262745 0.266667 0.270588 0.274510 0.278431 0.282353 0.286275 0.290196 0.294118 0.298039 0.301961 0.305882 0.309804 0.313725 0.317647 0.321569 0.325490 0.329412 0.333333 0.337255 0.341176 0.345098 0.349020 0.352941 0.356863 0.360784 0.364706 0.368627 0.372549 0.376471 0.380392 0.384314 0.388235 0.392157 0.396078 0.400000 0.403922 0.407843 0.411765 0.415686 0.419608 0.423529 0.427451 0.431373 0.435294 0.439216 0.443137 0.447059 0.450980 0.454902 0.458824 0.462745 0.466667 0.470588 0.474510 0.478431 0.482353 0.486275 0.490196 0.494118 0.498039 0.501961 0.505882 0.509804 0.513725 0.517647 0.521569 0.525490 0.529412 0.533333 0.537255 0.541176 0.545098 0.549020 0.552941 0.556863 0.560784 0.564706 0.568627 0.572549 0.576471 0.580392 0.584314 0.588235 0.592157 0.596078 0.600000 0.603922 0.607843 0.611765 0.615686 0.619608 0.623529 0.627451 0.631373 0.635294 0.639216 0.643137 0.647059 0.650980 0.654902 0.658824 0.662745 0.666667 0.670588 0.674510 0.678431 0.682353 0.686275 0.690196 0.694118 0.698039 0.701961 0.705882 0.709804 0.713725 0.717647 0.721569 0.725490 0.729412 0.733333 0.737255 0.741176 0.745098 0.749020 0.752941 0.756863 0.760784 0.764706 0.768627 0.772549 0.776471 0.780392 0.784314 0.788235 0.792157 0.796078 0.800000 0.803922 0.807843 0.811765 0.815686 0.819608 0.823529 0.827451 0.831373 0.835294 0.839216 0.843137 0.847059 0.850980 0.854902 0.858824 0.862745 0.866667 0.870588 0.874510 0.878431 0.882353 0.886275 0.890196 0.894118 0.898039 0.901961 0.905882 0.909804 0.913725 0.917647 0.921569 0.925490 0.929412 0.933333 0.937255 0.941176 0.945098 0.949020 0.952941 0.956863 0.960784 0.964706 0.968627 0.972549 0.976471 0.980392 0.984314 0.988235 0.992157 0.996078 1.000000)))

# end of devicerc
